#ts date time load Aborted_clients Aborted_connects Connections Max_used_connections Threads_connected
1481032595 2016-12-06 21:56:35 0.00 10 1 6658 14 12
1481032600 2016-12-06 21:56:40 0.00 10 1 6662 14 14
1481032605 2016-12-06 21:56:45 0.00 10 1 6664 14 13
1481032610 2016-12-06 21:56:50 0.40 10 1 6669 14 13
1481032615 2016-12-06 21:56:55 0.37 10 1 6670 14 12
1481032620 2016-12-06 21:57:00 0.34 10 1 6675 14 13
1481032625 2016-12-06 21:57:05 0.31 10 1 6678 14 14
1481032630 2016-12-06 21:57:10 0.29 10 1 6681 14 12
1481032635 2016-12-06 21:57:15 0.27 10 1 6684 14 14
1481032640 2016-12-06 21:57:20 0.24 10 1 6689 14 13
1481032645 2016-12-06 21:57:25 0.22 10 1 6691 14 12
1481032650 2016-12-06 21:57:30 0.21 10 1 6693 14 12
1481032655 2016-12-06 21:57:35 0.43 10 1 6699 14 13
1481032660 2016-12-06 21:57:40 0.40 10 1 6703 14 13
1481032665 2016-12-06 21:57:45 0.60 10 1 6704 14 14
1481032670 2016-12-06 21:57:50 0.56 10 1 6708 14 12
1481032675 2016-12-06 21:57:55 0.51 10 1 6711 14 12
1481032680 2016-12-06 21:58:00 0.47 10 1 6716 14 13
1481032685 2016-12-06 21:58:05 0.43 10 1 6718 14 13
1481032690 2016-12-06 21:58:10 0.40 10 1 6722 14 12
1481032695 2016-12-06 21:58:15 0.37 10 1 6725 14 14
1481032700 2016-12-06 21:58:20 0.34 10 1 6728 14 12
1481032705 2016-12-06 21:58:25 0.31 10 1 6729 14 12
1481032710 2016-12-06 21:58:30 0.29 10 1 6734 14 13
1481032715 2016-12-06 21:58:35 0.26 10 1 6739 14 9
1481032720 2016-12-06 21:58:40 0.24 10 1 6740 14 8
1481032725 2016-12-06 21:58:45 0.22 10 1 6745 14 8
1481032730 2016-12-06 21:58:50 0.20 10 1 6750 14 9
1481032735 2016-12-06 21:58:55 0.19 10 1 6752 14 9